case1：矩阵完全在白板内部
(255,255,255)(255,255,255)(255,255,255)(255,255,255)(255,255,255)(255,255,255)(255,255,255)(255,255,255)(255,255,255)(255,255,255)(255,255,255)
(255,255,255)(255,255,255)(255,255,255)(255,255,255)(255,255,255)(255,255,255)(255,255,255)(255,255,255)(255,255,255)(255,255,255)(255,255,255)
(255,255,255)(255,255,255)(77,90,11)(77,90,11)(77,90,11)(77,90,11)(77,90,11)(77,90,11)(77,90,11)(77,90,11)(255,255,255)
(255,255,255)(255,255,255)(77,90,11)(77,90,11)(77,90,11)(77,90,11)(77,90,11)(77,90,11)(77,90,11)(77,90,11)(255,255,255)
(255,255,255)(255,255,255)(77,90,11)(77,90,11)(77,90,11)(77,90,11)(77,90,11)(77,90,11)(77,90,11)(77,90,11)(255,255,255)
(255,255,255)(255,255,255)(77,90,11)(77,90,11)(77,90,11)(77,90,11)(77,90,11)(77,90,11)(77,90,11)(77,90,11)(255,255,255)
(255,255,255)(255,255,255)(77,90,11)(77,90,11)(77,90,11)(77,90,11)(77,90,11)(77,90,11)(77,90,11)(77,90,11)(255,255,255)
(255,255,255)(255,255,255)(77,90,11)(77,90,11)(77,90,11)(77,90,11)(77,90,11)(77,90,11)(77,90,11)(77,90,11)(255,255,255)
(255,255,255)(255,255,255)(77,90,11)(77,90,11)(77,90,11)(77,90,11)(77,90,11)(77,90,11)(77,90,11)(77,90,11)(255,255,255)
(255,255,255)(255,255,255)(77,90,11)(77,90,11)(77,90,11)(77,90,11)(77,90,11)(77,90,11)(77,90,11)(77,90,11)(255,255,255)
(255,255,255)(255,255,255)(77,90,11)(77,90,11)(77,90,11)(77,90,11)(77,90,11)(77,90,11)(77,90,11)(77,90,11)(255,255,255)
(255,255,255)(255,255,255)(255,255,255)(255,255,255)(255,255,255)(255,255,255)(255,255,255)(255,255,255)(255,255,255)(255,255,255)(255,255,255)

case2：矩阵一部分超出了白板的大小，只打印在白板内部的部分矩阵面积
(255,255,255)(255,255,255)(255,255,255)(255,255,255)(255,255,255)(255,255,255)(255,255,255)(255,255,255)(255,255,255)(255,255,255)(255,255,255)
(255,255,255)(255,255,255)(255,255,255)(255,255,255)(255,255,255)(255,255,255)(255,255,255)(255,255,255)(255,255,255)(255,255,255)(255,255,255)
(255,255,255)(255,255,255)(77,90,11)(77,90,11)(77,90,11)(77,90,11)(77,90,11)(77,90,11)(77,90,11)(77,90,11)(77,90,11)
(255,255,255)(255,255,255)(77,90,11)(77,90,11)(77,90,11)(77,90,11)(77,90,11)(77,90,11)(77,90,11)(77,90,11)(77,90,11)
(255,255,255)(255,255,255)(77,90,11)(77,90,11)(77,90,11)(77,90,11)(77,90,11)(77,90,11)(77,90,11)(77,90,11)(77,90,11)
(255,255,255)(255,255,255)(77,90,11)(77,90,11)(77,90,11)(77,90,11)(77,90,11)(77,90,11)(77,90,11)(77,90,11)(77,90,11)
(255,255,255)(255,255,255)(77,90,11)(77,90,11)(77,90,11)(77,90,11)(77,90,11)(77,90,11)(77,90,11)(77,90,11)(77,90,11)
(255,255,255)(255,255,255)(77,90,11)(77,90,11)(77,90,11)(77,90,11)(77,90,11)(77,90,11)(77,90,11)(77,90,11)(77,90,11)
(255,255,255)(255,255,255)(77,90,11)(77,90,11)(77,90,11)(77,90,11)(77,90,11)(77,90,11)(77,90,11)(77,90,11)(77,90,11)
(255,255,255)(255,255,255)(77,90,11)(77,90,11)(77,90,11)(77,90,11)(77,90,11)(77,90,11)(77,90,11)(77,90,11)(77,90,11)
(255,255,255)(255,255,255)(77,90,11)(77,90,11)(77,90,11)(77,90,11)(77,90,11)(77,90,11)(77,90,11)(77,90,11)(77,90,11)
(255,255,255)(255,255,255)(77,90,11)(77,90,11)(77,90,11)(77,90,11)(77,90,11)(77,90,11)(77,90,11)(77,90,11)(77,90,11)

# case3：矩阵矩阵完全超出白板的大小，只打印白板
(255,255,255)(255,255,255)(255,255,255)(255,255,255)(255,255,255)(255,255,255)(255,255,255)(255,255,255)(255,255,255)(255,255,255)(255,255,255)
(255,255,255)(255,255,255)(255,255,255)(255,255,255)(255,255,255)(255,255,255)(255,255,255)(255,255,255)(255,255,255)(255,255,255)(255,255,255)
(255,255,255)(255,255,255)(255,255,255)(255,255,255)(255,255,255)(255,255,255)(255,255,255)(255,255,255)(255,255,255)(255,255,255)(255,255,255)
(255,255,255)(255,255,255)(255,255,255)(255,255,255)(255,255,255)(255,255,255)(255,255,255)(255,255,255)(255,255,255)(255,255,255)(255,255,255)
(255,255,255)(255,255,255)(255,255,255)(255,255,255)(255,255,255)(255,255,255)(255,255,255)(255,255,255)(255,255,255)(255,255,255)(255,255,255)
(255,255,255)(255,255,255)(255,255,255)(255,255,255)(255,255,255)(255,255,255)(255,255,255)(255,255,255)(255,255,255)(255,255,255)(255,255,255)
(255,255,255)(255,255,255)(255,255,255)(255,255,255)(255,255,255)(255,255,255)(255,255,255)(255,255,255)(255,255,255)(255,255,255)(255,255,255)
(255,255,255)(255,255,255)(255,255,255)(255,255,255)(255,255,255)(255,255,255)(255,255,255)(255,255,255)(255,255,255)(255,255,255)(255,255,255)
(255,255,255)(255,255,255)(255,255,255)(255,255,255)(255,255,255)(255,255,255)(255,255,255)(255,255,255)(255,255,255)(255,255,255)(255,255,255)
(255,255,255)(255,255,255)(255,255,255)(255,255,255)(255,255,255)(255,255,255)(255,255,255)(255,255,255)(255,255,255)(255,255,255)(255,255,255)
(255,255,255)(255,255,255)(255,255,255)(255,255,255)(255,255,255)(255,255,255)(255,255,255)(255,255,255)(255,255,255)(255,255,255)(255,255,255)
(255,255,255)(255,255,255)(255,255,255)(255,255,255)(255,255,255)(255,255,255)(255,255,255)(255,255,255)(255,255,255)(255,255,255)(255,255,255)
